1.3583 0.16808 -1
1.6377 1.6539 -1
0.93429 0.92791 -1
0.9026 1.5381 -1
1.9307 0.74543 -1
1.5323 1.8116 -1
1.4679 0.87094 -1
1.0441 0.86514 -1
0.1927 1.4323 -1
1.2515 0.07405 -1
0.98006 0.97037 -1
1.5448 0.24139 -1
0.67193 0.31696 -1
0.98308 0.60814 -1
0.9042 0.85813 -1
0.99132 0.96937 -1
0.99223 1.0455 -1
1.6748 1.4719 -1
0.89227 0.70176 -1
1.0328 0.9894 -1
0.64636 1.1433 -1
1.0774 0.20858 -1
1.1892 1.4517 -1
0.39109 1.2167 -1
0.8094 0.26978 -1
0.88935 1.6706 -1
0.90868 0.86545 -1
1.3654 1.3389 -1
1.3296 0.91482 -1
0.80755 0.88575 -1
1.002 0.74491 -1
0.30141 0.97384 -1
1.7426 0.39273 -1
0.86743 0.95948 -1
1.1523 1.2077 -1
1.1372 0.78592 -1
1.0957 0.77607 -1
1.316 0.84952 -1
1.0827 1.2371 -1
0.64704 0.68468 -1
0.50467 1.667 -1
0.52729 0.71938 -1
1.248 0.8579 -1
1.0341 0.24704 -1
0.58499 1.3875 -1
1.0479 1.0248 -1
0.23538 0.85017 -1
1.1189 0.94767 -1
0.57382 0.80329 -1
1.3362 1.0252 -1
2.4164 2.6764 1
1.8017 2.4899 1
2.3043 2.5194 1
1.9468 2.6519 1
1.7212 1.3058 1
1.9202 2.0256 1
2.1203 2.9054 1
2.4754 2.6753 1
1.0326 1.7623 1
2.3903 2.2088 1
2.7539 2.5974 1
2.7746 2.0226 1
2.3565 1.2078 1
2.3448 2.2023 1
1.9504 2.7985 1
1.1726 2.3804 1
2.1095 2.24 1
2.083 2.1078 1
2.395 1.5757 1
1.8621 1.9553 1
2.3752 1.5038 1
1.6958 2.4134 1
1.938 2.044 1
2.0078 2.1231 1
2.0968 2.2196 1
1.9569 2.0247 1
2.7737 1.4578 1
1.5116 2.0281 1
1.5287 2.7668 1
1.9243 2.0814 1
2.0736 1.6173 1
2.0211 2.4034 1
2.1085 2.0752 1
2.8935 1.6595 1
1.9468 1.9728 1
2.0337 2.3515 1
2.0067 1.9861 1
2.1629 2.0451 1
1.5666 1.4104 1
1.7298 1.639 1
1.7165 1.9137 1
1.9937 1.8112 1
1.929 1.8308 1
1.5761 2.4601 1
2.0153 1.9203 1
2.7006 1.667 1
1.5656 2.0361 1
1.7106 2.1005 1
1.49 1.9727 1
2.3277 1.2759 1
