3.0621 3.1015 1
2.0403 3.0099 1
2.6852 3.4934 1
3.1231 3.7411 1
2.9838 3.5057 1
2.7198 2.1543 1
3.5294 2.8616 1
3.0962 3.1142 1
2.9604 3.8398 1
2.9781 3.814 1
3.0378 3.9285 1
2.8845 3.1591 1
2.9958 3.616 1
2.6533 3.0587 1
3.2846 2.4886 1
2.1272 2.7181 1
2.8309 3.7381 1
3.0089 2.6197 1
2.9309 2.9686 1
3.5006 3.1765 1
3.1702 2.0816 1
3.3896 3.4144 1
2.9883 3.0023 1
2.9156 3.1385 1
3.0855 2.7008 1
2.837 2.9705 1
2.7892 2.8428 1
2.6093 2.4322 1
2.9948 2.5495 1
3.1979 3.1151 1
3.1303 2.9211 1
3.2469 2.5216 1
3.0782 2.9981 1
2.9002 3.0376 1
3.0045 2.9989 1
3.1274 2.1927 1
3.0573 2.938 1
2.79 3.153 1
3.1335 2.5898 1
3.1539 2.9032 1
2.9874 3.145 1
3.5705 3.6559 1
2.5177 2.736 1
3.523 3.6739 1
2.7473 2.7565 1
2.5996 2.9666 1
3.2131 3.1102 1
3.1314 3.1287 1
3.0263 3.4164 1
3.8591 3.2771 1
1.4616 0.83311 -1
0.66305 1.0228 -1
1.2988 0.78306 -1
1.5974 1.5019 -1
0.81403 1.1544 -1
0.9206 1.0548 -1
1.6363 1.6947 -1
1.5535 0.84346 -1
1.2184 1.0861 -1
0.50423 1.6547 -1
1.0428 1.0042 -1
1.3163 1.5668 -1
0.92578 0.35652 -1
0.47879 1.166 -1
0.78631 1.7134 -1
1.257 1.6369 -1
1.1495 1.3368 -1
0.45044 0.44616 -1
1.8112 1.4535 -1
1.0783 0.51955 -1
0.58901 1.1752 -1
0.8237 1.477 -1
0.18424 0.94471 -1
1.1791 0.38108 -1
0.41326 1.5607 -1
0.65671 0.92817 -1
1.8124 0.67244 -1
0.40818 0.80706 -1
0.82256 0.89196 -1
0.85097 1.4467 -1
1.1033 1.838 -1
1.0768 1.2125 -1
1.1088 1.2 -1
0.71394 1.1223 -1
1.3813 0.8008 -1
1.3603 1.83 -1
1.4353 0.94431 -1
1.1977 1.1659 -1
0.50029 1.3228 -1
0.95379 1.6011 -1
0.9465 0.7848 -1
1.2195 1.1996 -1
0.82235 1.3852 -1
0.91459 0.99578 -1
0.93724 1.7986 -1
1.9132 1.1696 -1
0.93977 0.51512 -1
0.79102 0.88762 -1
0.068925 1.2463 -1
0.50124 0.84894 -1
